-200.0
-200.0
-200.0
-200.0
-200.0
-200.0
-200.0
-200.0
-200.0
-200.0
-200.0
-200.0
-200.0
-200.0
-200.0
-200.0
-200.0
-200.0
-200.0
-200.0
-200.0
-200.0
-200.0
-200.0
-200.0
-200.0
-200.0
-200.0
-200.0
-200.0
-200.0
-200.0
-200.0
-200.0
-200.0
-200.0
-200.0
-200.0
-200.0
-200.0
-200.0
-200.0
-200.0
-200.0
-200.0
-200.0
-200.0
-200.0
-200.0
-200.0
-200.0
-200.0
-200.0
-200.0
-200.0
-200.0
-200.0
-200.0
-200.0
-200.0
-200.0
-200.0
-200.0
-200.0
-200.0
-200.0
-200.0
-200.0
-200.0
-200.0
-200.0
-200.0
-200.0
-200.0
-200.0
-200.0
-200.0
-200.0
-200.0
-200.0
-200.0
-200.0
-200.0
-200.0
-200.0
-200.0
-200.0
-200.0
-200.0
-200.0
-200.0
-200.0
-200.0
-200.0
-200.0
-200.0
-200.0
-200.0
-200.0
-200.0
-200.0
-200.0
-200.0
-200.0
-200.0
-200.0
-200.0
-200.0
-200.0
-133.0
-200.0
-200.0
-133.0
-200.0
-200.0
-200.0
-200.0
-131.0
-200.0
-200.0
-147.0
-200.0
-200.0
-131.0
-200.0
-200.0
-200.0
-200.0
-200.0
-119.0
-200.0
-200.0
-200.0
-118.0
-200.0
-200.0
-200.0
-124.0
-129.0
-200.0
-200.0
-200.0
-132.0
-130.0
-200.0
-200.0
-125.0
-122.0
-136.0
-141.0
-133.0
-131.0
-134.0
-134.0
-132.0
-200.0
-114.0
-136.0
-200.0
-119.0
-126.0
-200.0
-118.0
-135.0
-130.0
-127.0
-200.0
-200.0
-124.0
-128.0
-130.0
-138.0
-123.0
-136.0
-132.0
-126.0
-129.0
-128.0
-127.0
-126.0
-130.0
-123.0
-127.0
-124.0
-127.0
-123.0
-128.0
-126.0
-121.0
-126.0
-127.0
-125.0
-130.0
-123.0
-126.0
-120.0
-129.0
-123.0
-122.0
-120.0
-130.0
-125.0
-124.0
-117.0
-121.0
-128.0
-125.0
-123.0
-120.0
-134.0
-125.0
-125.0
-114.0
-126.0
-122.0
-120.0
-129.0
-123.0
-121.0
-117.0
-123.0
-121.0
-116.0
-132.0
-125.0
-118.0
-125.0
-125.0
-122.0
-118.0
-121.0
-134.0
-122.0
-119.0
-125.0
-123.0
-122.0
-123.0
-119.0
-123.0
-117.0
-128.0
-118.0
-116.0
-126.0
-118.0
-121.0
-117.0
-116.0
-133.0
-121.0
-119.0
-121.0
-124.0
-122.0
-118.0
-116.0
-120.0
-126.0
-122.0
-123.0
-121.0
-121.0
-116.0
-125.0
-115.0
-113.0
-127.0
-119.0
-122.0
-121.0
-117.0
-124.0
-116.0
-125.0
-115.0
-125.0
-113.0
-116.0
-121.0
-118.0
-120.0
-116.0
-122.0
-113.0
-125.0
-116.0
-118.0
-117.0
-115.0
-123.0
-118.0
-121.0
-118.0
-119.0
-120.0
-114.0
-124.0
-122.0
-118.0
-117.0
-122.0
-117.0
-119.0
-119.0
-121.0
-116.0
-119.0
-117.0
-121.0
-123.0
-120.0
-119.0
-114.0
-121.0
-116.0
-118.0
-118.0
-116.0
-116.0
-116.0
-121.0
-119.0
-115.0
-122.0
-119.0
-115.0
-122.0
-118.0
-119.0
-113.0
-119.0
-113.0
-117.0
-115.0
-114.0
-120.0
-118.0
-113.0
-113.0
-117.0
-117.0
-118.0
-116.0
-117.0
-116.0
-119.0
-116.0
-115.0
-115.0
-120.0
-115.0
-115.0
-118.0
-120.0
-114.0
-116.0
-118.0
-117.0
-117.0
-116.0
-113.0
-113.0
-124.0
-122.0
-118.0
-114.0
-113.0
-117.0
-114.0
-117.0
-118.0
-115.0
-115.0
-115.0
-120.0
-122.0
-113.0
-120.0
-115.0
-113.0
-122.0
-111.0
-117.0
-114.0
-115.0
-113.0
-119.0
-117.0
-119.0
-121.0
-115.0
-111.0
-114.0
-120.0
-116.0
-120.0
-112.0
-109.0
-119.0
