-1.587308
-0.185413
-0.181065
-0.168804
-0.188420
-0.184476
-0.171641
-0.191390
-0.187903
-0.175282
-0.194493
-0.191465
-0.179479
-0.198163
-0.195440
-0.182760
-0.200716
-0.198305
-0.185548
-0.204835
-0.203599
-0.192023
-0.213470
-0.212432
-0.199366
-0.224667
-0.224910
-0.211314
-0.232356
-0.232857
-0.219410
-0.238815
-0.238970
-0.227070
-0.242685
-0.244682
-0.232452
-0.247016
-0.247675
-0.240059
-0.248241
-0.249703
-0.247310
-0.246541
-0.248024
-0.250723
-0.237397
-0.237893
-0.245597
-0.226279
-0.227454
-0.237648
-0.214906
-0.215969
-0.227012
-0.200964
-0.201731
-0.214630
-0.184525
-0.184914
-0.196038
-0.166354
-0.166630
-0.174064
-0.149120
-0.149141
-0.154139
-0.129693
-0.126808
-0.117499
-0.133399
-0.130896
-0.122413
-0.137556
-0.135040
-0.128804
-0.141604
-0.140083
-0.136616
-0.146258
-0.144563
-0.143088
-0.151046
-0.150203
-0.152324
-0.156642
-0.156624
-0.160612
-0.161097
-0.161914
-0.166221
-0.164139
-0.164846
-0.168920
-0.165332
-0.167232
-0.171322
-0.166077
-0.168309
-0.174284
-0.166484
-0.168204
-0.175968
-0.164922
-0.165690
-0.174633
-0.159173
-0.160939
-0.166411
-0.247692
-0.248105
-0.248860
-0.234737
-0.234995
-0.236434
-0.224017
-0.224522
-0.228060
-0.213464
-0.212994
-0.220682
-0.201211
-0.201039
-0.208932
-0.186679
-0.186965
-0.193975
-0.173813
-0.174102
-0.178190
-0.202718
-0.200875
-0.195961
-0.212399
-0.210000
-0.205263
-0.221856
-0.219179
-0.214453
-0.232113
-0.230037
-0.228055
-0.241735
-0.239529
-0.240166
-0.250806
-0.248704
-0.250077
-0.260870
-0.258911
-0.260742
-0.272844
-0.270718
-0.271093
-0.283970
-0.282003
-0.282274
-0.290067
-0.288240
-0.288827
-0.293325
-0.292032
-0.293167
-0.292064
-0.291220
-0.284173
-0.286495
-0.287165
-0.280712
-0.278423
-0.279038
-0.277534
-0.260543
-0.262305
-0.266257
-0.241867
-0.245715
-0.251979
-0.226738
-0.230861
-0.240018
-0.212309
-0.215955
-0.227268
-0.196998
-0.201077
-0.212575
-0.191385
-0.193212
-0.204270
-0.187498
-0.189055
-0.197227
-0.370943
-0.368985
-0.358203
-0.364757
-0.363057
-0.352428
-0.359315
-0.357688
-0.347308
-0.353963
-0.352222
-0.342309
-0.348134
-0.346902
-0.337763
-0.342607
-0.341483
-0.331260
-0.337776
-0.337002
-0.326742
-0.332590
-0.331684
-0.321097
-0.327280
-0.326783
-0.315828
-0.322763
-0.322188
-0.311085
-0.318326
-0.317636
-0.307640
-0.313196
-0.313038
-0.303334
-0.308770
-0.308083
-0.297690
-0.304158
-0.303165
-0.293173
-0.299611
-0.298514
-0.288228
-0.295212
-0.293776
-0.283776
-0.290194
-0.288796
-0.278680
-0.285400
-0.284373
-0.274004
-0.280770
-0.279345
-0.268644
-0.275702
-0.274223
-0.263952
-0.270700
-0.269229
-0.258941
-0.266197
-0.264849
-0.257057
-0.261612
-0.259725
-0.252615
-0.256557
-0.254706
-0.247883
-0.251691
-0.250200
-0.244360
-0.246505
-0.245451
-0.242332
-0.240990
-0.240028
-0.237138
-0.235864
-0.235148
-0.233459
-0.230639
-0.229922
-0.229041
-0.224844
-0.224406
-0.224132
-0.219189
-0.218504
-0.218533
-0.212250
-0.211879
-0.212612
-0.205074
-0.205019
-0.206709
-0.197419
-0.196687
-0.201639
-0.188878
-0.187816
-0.192060
-0.177443
-0.176110
-0.179000
-0.351618
-0.349973
-0.345271
-0.353160
-0.351721
-0.346953
-0.354358
-0.353772
-0.349454
-0.355225
-0.354577
-0.352078
-0.356772
-0.356475
-0.355318
-0.357345
-0.357085
-0.356259
-0.359859
-0.359455
-0.358696
-0.361450
-0.361299
-0.359535
-0.363334
-0.362843
-0.361121
-0.364804
-0.364884
-0.362331
-0.366615
-0.366472
-0.364613
-0.368203
-0.367864
-0.366329
-0.369377
-0.369036
-0.366989
-0.370252
-0.369877
-0.366933
-0.370264
-0.369595
-0.365828
-0.370788
-0.370127
-0.365999
-0.370778
-0.369754
-0.366520
-0.369718
-0.368979
-0.364294
-0.368131
-0.367309
-0.362213
-0.365142
-0.365064
-0.359971
-0.362875
-0.362652
-0.357279
-0.360303
-0.360434
-0.353046
-0.356465
-0.356564
-0.347806
-0.351192
-0.351518
-0.341427
-0.345863
-0.346550
-0.336160
-0.340445
-0.341520
-0.330740
-0.344066
-0.343210
-0.333222
-0.352388
-0.351388
-0.340689
-0.278010
-0.275755
-0.269241
-0.283080
-0.281212
-0.274446
-0.288663
-0.286629
-0.279586
-0.293923
-0.292003
-0.284652
-0.299270
-0.297266
-0.290107
-0.304654
-0.302718
-0.294907
-0.309786
-0.307647
-0.299923
-0.314861
-0.312510
-0.305197
-0.320100
-0.318425
-0.311956
-0.325289
-0.323618
-0.318551
-0.331044
-0.329577
-0.323433
-0.335925
-0.334665
-0.329297
-0.341434
-0.339998
-0.336455
-0.346290
-0.344757
-0.343632
-0.351151
-0.349909
-0.350043
-0.355873
-0.354609
-0.356046
-0.360374
-0.359320
-0.361167
-0.365333
-0.364609
-0.366246
-0.370442
-0.369542
-0.371662
-0.375834
-0.374988
-0.378756
-0.381433
-0.380931
-0.385595
-0.388001
-0.387655
-0.391822
-0.394346
-0.393951
-0.399121
-0.399881
-0.400433
-0.405523
-0.405271
-0.405852
-0.411213
-0.409328
-0.409607
-0.415444
-0.413895
-0.414221
-0.419375
-0.416309
-0.417621
-0.423504
-0.419042
-0.420568
-0.425575
-0.422713
-0.424480
-0.429828
-0.425887
-0.426463
-0.432722
-0.427727
-0.429057
-0.435994
-0.429330
-0.431314
-0.436391
-0.430894
-0.433404
-0.436724
-0.431576
-0.433689
-0.433158
-0.432854
-0.435378
-0.434560
-0.433323
-0.435284
-0.435225
-0.431973
-0.434795
-0.435959
-0.431649
-0.433455
-0.434726
-0.430189
-0.432590
-0.433867
-0.428208
-0.431435
-0.432054
-0.425960
-0.429005
-0.429543
-0.420297
-0.422707
-0.422713
-0.413393
-0.414950
-0.417395
-0.407123
-0.408555
-0.408919
-0.401279
-0.402001
-0.402460
-0.395463
-0.396665
-0.396691
-0.389373
-0.390369
-0.389591
-0.383116
-0.383767
-0.383910
-0.377441
-0.378304
-0.379169
-0.371300
-0.372156
-0.372494
-0.365001
-0.365125
-0.365783
-0.358035
-0.358224
-0.360865
-0.351489
-0.350799
-0.354820
-0.343526
-0.342860
-0.347148
-0.335499
-0.335157
-0.339305
-0.327491
-0.326793
-0.329804
-0.318930
-0.318435
-0.322149
-0.311334
-0.311066
-0.314998
-0.301548
-0.301124
-0.302957
-0.293364
-0.292888
-0.294558
-0.285329
-0.284835
-0.287036
-0.276277
-0.275484
-0.274754
-0.268529
-0.267979
-0.268164
-0.117077
-0.115708
-0.102918
-0.186047
-0.185353
-0.180506
-0.257070
-0.255909
-0.247813
-0.264818
-0.263414
-0.254403
-0.104346
-0.102599
-0.084877
-0.253076
-0.253548
-0.250613
-0.170666
-0.170120
-0.162284
-0.164890
-0.162333
-0.143461
-0.336180
-0.335658
-0.328358
-0.231800
-0.230269
-0.219610
-0.239984
-0.238505
-0.228009
-0.248019
-0.246558
-0.235531
-0.152681
-0.149998
-0.128952
-0.222013
-0.220327
-0.207569
-0.091178
-0.089308
-0.067915
-0.254278
-0.254573
-0.248341
-0.327313
-0.326450
-0.318205
-0.214418
-0.212958
-0.200418
-0.155561
-0.155436
-0.146279
-0.143432
-0.140364
-0.117842
-0.197835
-0.196156
-0.182938
-0.205857
-0.204600
-0.192656
-0.079453
-0.077334
-0.053680
-0.254134
-0.254906
-0.246627
-0.140799
-0.140635
-0.129627
-0.320222
-0.319572
-0.310705
-0.180897
-0.179646
-0.165979
-0.189427
-0.188019
-0.174750
-0.251124
-0.251039
-0.250159
-0.313797
-0.312465
-0.307551
-0.067919
-0.066581
-0.042770
-0.245307
-0.245169
-0.246681
-0.124566
-0.125088
-0.114793
-0.131529
-0.128926
-0.105472
-0.307465
-0.306416
-0.303401
-0.156391
-0.155061
-0.143426
-0.164680
-0.163675
-0.151713
-0.173288
-0.171500
-0.158283
-0.057659
-0.055559
-0.031966
-0.227177
-0.226843
-0.228421
-0.237675
-0.237386
-0.238735
-0.116778
-0.114196
-0.092491
-0.296508
-0.295425
-0.294026
-0.301170
-0.300507
-0.298913
-0.140327
-0.139278
-0.127361
-0.148231
-0.146628
-0.134480
-0.213671
-0.213521
-0.217568
-0.106544
-0.106261
-0.096833
-0.291482
-0.290627
-0.289657
-0.131977
-0.130133
-0.119116
-0.203868
-0.204485
-0.210475
-0.286918
-0.286105
-0.285418
-0.185721
-0.186458
-0.189682
-0.195187
-0.196261
-0.203705
-0.100296
-0.097532
-0.079032
-0.277793
-0.277222
-0.276727
-0.282374
-0.281982
-0.281881
-0.123601
-0.121412
-0.108930
-0.046982
-0.045069
-0.022607
-0.174860
-0.176094
-0.180310
-0.085772
-0.084777
-0.076022
-0.273326
-0.273196
-0.274681
-0.105708
-0.103663
-0.091839
-0.114908
-0.113473
-0.100657
-0.153478
-0.154736
-0.160751
-0.164549
-0.165691
-0.170236
-0.264968
-0.265164
-0.267312
-0.269186
-0.269472
-0.271453
-0.131900
-0.132444
-0.142929
-0.143165
-0.143414
-0.150837
-0.256991
-0.256807
-0.261543
-0.260933
-0.260583
-0.263212
-0.033777
-0.032241
-0.013840
-0.120195
-0.120917
-0.132551
-0.077915
-0.075865
-0.061558
-0.252419
-0.252243
-0.256513
-0.084558
-0.082566
-0.070435
-0.095310
-0.093062
-0.079431
-0.094943
-0.095556
-0.109837
-0.107600
-0.108682
-0.121575
-0.243717
-0.243050
-0.247079
-0.247887
-0.247647
-0.252026
-0.067112
-0.067787
-0.079403
-0.081361
-0.082655
-0.096593
-0.235025
-0.234802
-0.237980
-0.239489
-0.239155
-0.242841
-0.050213
-0.049948
-0.058379
-0.231050
-0.230380
-0.233999
-0.184683
-0.185932
-0.193563
-0.179982
-0.180900
-0.184716
-0.171638
-0.172562
-0.169866
-0.222818
-0.221735
-0.225746
-0.226943
-0.226242
-0.229726
-0.186066
-0.186523
-0.204778
-0.186890
-0.187551
-0.202970
-0.214016
-0.212930
-0.216065
-0.218754
-0.217307
-0.220210
-0.183459
-0.184283
-0.203728
-0.210090
-0.208786
-0.212643
-0.174531
-0.175223
-0.192455
-0.180430
-0.180783
-0.199927
-0.200757
-0.199709
-0.201470
-0.205894
-0.204451
-0.207527
-0.165608
-0.165943
-0.179639
-0.161585
-0.161910
-0.154699
-0.195572
-0.194391
-0.195825
-0.143271
-0.144558
-0.153694
-0.155158
-0.156304
-0.170498
-0.185214
-0.184491
-0.184805
-0.190741
-0.189910
-0.191307
-0.130795
-0.132153
-0.139073
-0.179385
-0.179171
-0.180259
-0.118396
-0.119744
-0.124642
-0.154479
-0.153935
-0.144019
-0.174033
-0.173705
-0.175259
-0.105503
-0.107527
-0.113011
-0.147683
-0.146725
-0.136394
-0.168591
-0.168336
-0.170139
-0.092597
-0.094690
-0.100438
-0.162404
-0.162408
-0.164364
-0.079793
-0.080650
-0.086745
-0.156124
-0.155652
-0.157381
-0.140245
-0.138730
-0.130118
-0.066113
-0.067102
-0.074368
-0.149359
-0.149225
-0.150815
-0.132224
-0.131326
-0.123962
-0.089184
-0.088137
-0.080949
-0.141276
-0.141618
-0.142825
-0.125091
-0.124363
-0.118614
-0.083246
-0.082123
-0.076447
-0.076331
-0.075002
-0.070636
-0.069807
-0.067718
-0.063927
-0.117767
-0.117169
-0.112375
-0.158731
-0.160425
-0.163574
-0.255338
-0.255638
-0.253326
-0.250267
-0.250181
-0.248121
-0.111490
-0.110428
-0.106562
-0.244685
-0.244764
-0.242982
-0.063089
-0.060810
-0.057129
-0.239425
-0.239390
-0.237915
-0.055636
-0.053961
-0.050618
-0.104637
-0.103781
-0.101217
-0.150935
-0.152844
-0.155858
-0.234078
-0.234127
-0.232461
-0.228694
-0.228675
-0.227660
-0.223561
-0.223746
-0.222644
-0.142935
-0.145726
-0.147798
-0.218474
-0.218904
-0.217291
-0.098452
-0.097275
-0.096117
-0.213235
-0.213141
-0.212358
-0.048610
-0.047264
-0.043921
-0.091681
-0.091106
-0.090985
-0.134270
-0.136866
-0.139241
-0.208032
-0.208134
-0.207290
-0.202072
-0.202248
-0.201817
-0.197031
-0.197069
-0.197210
-0.185530
-0.187920
-0.189399
-0.176336
-0.178581
-0.180787
-0.041801
-0.040232
-0.037875
-0.125520
-0.128136
-0.130823
-0.191388
-0.191737
-0.192399
-0.186177
-0.186547
-0.187361
-0.167925
-0.169784
-0.172026
-0.035163
-0.033684
-0.032391
-0.085767
-0.085059
-0.087526
-0.180803
-0.180823
-0.182734
-0.175343
-0.175826
-0.177532
-0.159421
-0.160870
-0.163369
-0.149587
-0.151505
-0.154524
-0.140180
-0.142141
-0.145141
-0.116023
-0.118731
-0.121838
-0.170400
-0.170569
-0.172380
-0.129804
-0.131014
-0.135136
-0.079579
-0.079442
-0.082608
-0.164622
-0.164665
-0.166868
-0.158611
-0.158791
-0.161151
-0.104015
-0.106840
-0.110378
-0.151932
-0.152192
-0.154404
-0.071283
-0.071918
-0.075494
-0.145231
-0.145407
-0.148285
-0.114413
-0.115080
-0.120916
-0.137787
-0.137732
-0.141201
-0.131919
-0.132917
-0.135116
-0.123158
-0.123810
-0.125470
-0.114136
-0.115161
-0.115556
-0.104901
-0.105367
-0.105716
-0.094759
-0.095465
-0.094910
-0.084897
-0.085003
-0.084017
-0.052092
-0.053481
-0.061876
-0.091712
-0.090766
-0.082672
-0.132321
-0.132175
-0.133712
-0.028807
-0.027777
-0.026015
-0.059684
-0.060177
-0.065010
-0.089405
-0.091730
-0.095698
-0.130249
-0.130090
-0.134035
-0.123010
-0.122296
-0.126608
-0.143509
-0.144052
-0.146416
-0.158449
-0.158424
-0.158838
-0.135997
-0.135804
-0.137465
-0.152768
-0.151896
-0.153387
-0.058948
-0.058104
-0.050237
-0.074808
-0.072834
-0.060075
-0.091784
-0.090734
-0.082434
-0.122768
-0.122801
-0.123535
-0.054088
-0.052230
-0.045645
-0.067293
-0.065134
-0.053737
-0.091336
-0.090319
-0.083980
-0.114300
-0.114129
-0.113284
-0.125568
-0.125381
-0.126918
-0.146702
-0.145561
-0.147292
-0.025278
-0.024145
-0.011407
-0.061166
-0.058967
-0.047208
-0.023374
-0.022652
-0.020286
-0.096072
-0.095908
-0.103140
-0.074999
-0.077583
-0.082039
-0.116431
-0.115381
-0.119979
-0.110541
-0.110256
-0.114465
-0.073879
-0.073332
-0.072699
-0.115248
-0.114702
-0.116290
-0.141506
-0.139802
-0.141555
-0.042887
-0.041434
-0.035809
-0.054912
-0.052665
-0.041329
-0.035607
-0.034825
-0.037974
-0.040609
-0.041409
-0.051040
-0.089644
-0.089072
-0.086312
-0.107100
-0.106635
-0.105137
-0.087547
-0.087226
-0.089233
-0.101125
-0.100775
-0.097853
-0.085401
-0.084831
-0.090935
-0.095655
-0.095133
-0.092038
-0.030984
-0.032067
-0.041100
-0.081971
-0.081709
-0.087908
-0.089804
-0.089756
-0.086592
-0.039795
-0.038059
-0.036413
-0.049498
-0.047217
-0.036449
-0.103829
-0.103288
-0.103918
-0.135431
-0.133722
-0.134888
-0.020360
-0.019473
-0.016839
-0.050833
-0.051355
-0.056957
-0.104562
-0.104098
-0.109033
-0.081898
-0.081685
-0.088777
-0.100191
-0.099167
-0.103682
-0.065296
-0.067397
-0.072449
-0.095531
-0.094101
-0.099293
-0.063284
-0.062118
-0.061542
-0.093313
-0.092883
-0.092256
-0.130709
-0.129435
-0.130055
-0.082846
-0.081872
-0.081031
-0.125257
-0.124125
-0.125030
-0.073323
-0.072356
-0.070319
-0.120461
-0.119282
-0.120748
-0.067089
-0.066251
-0.064481
-0.115549
-0.114971
-0.116164
-0.048459
-0.048720
-0.051683
-0.047138
-0.046926
-0.050430
-0.042411
-0.042254
-0.044000
-0.037395
-0.036552
-0.037799
-0.031601
-0.030434
-0.030970
-0.026258
-0.025101
-0.025264
-0.021252
-0.020167
-0.020328
-0.016652
-0.015667
-0.015748
-0.019187
-0.018265
-0.010395
-0.030535
-0.029379
-0.024630
-0.039600
-0.037522
-0.026423
-0.044261
-0.041906
-0.032021
-0.014395
-0.013600
-0.009622
-0.028527
-0.026654
-0.024575
-0.031511
-0.029356
-0.013968
-0.035405
-0.033287
-0.021464
-0.024939
-0.023743
-0.024096
-0.017037
-0.015879
-0.006624
-0.022329
-0.020964
-0.011362
-0.028353
-0.026202
-0.008055
-0.022964
-0.023810
-0.029153
-0.017347
-0.017196
-0.018390
-0.075175
-0.074949
-0.079627
-0.078542
-0.078388
-0.083421
-0.080291
-0.079875
-0.074984
-0.084845
-0.084613
-0.080560
-0.071965
-0.072099
-0.076293
-0.076241
-0.075576
-0.070595
-0.068412
-0.068331
-0.071512
-0.073005
-0.071617
-0.066047
-0.063827
-0.063565
-0.061835
-0.069208
-0.067916
-0.060309
-0.058649
-0.058712
-0.056546
-0.065790
-0.064322
-0.057360
-0.018293
-0.017481
-0.014905
-0.045235
-0.045524
-0.051079
-0.089884
-0.088194
-0.092718
-0.068479
-0.068148
-0.074753
-0.084600
-0.083851
-0.087837
-0.053729
-0.052742
-0.052076
-0.049773
-0.049722
-0.052948
-0.111415
-0.110603
-0.112130
-0.012577
-0.012288
-0.011002
-0.053865
-0.053751
-0.048887
-0.062813
-0.061347
-0.053223
-0.048326
-0.048783
-0.041282
-0.059943
-0.058710
-0.050441
-0.055730
-0.057983
-0.062807
-0.079860
-0.079011
-0.083486
-0.061642
-0.060881
-0.059181
-0.050605
-0.050757
-0.054096
-0.106790
-0.106211
-0.107513
-0.050690
-0.051476
-0.054578
-0.102332
-0.102182
-0.103015
-0.009847
-0.009623
-0.007149
-0.011032
-0.010517
-0.005818
-0.020663
-0.018964
-0.008320
-0.022861
-0.021078
-0.002009
-0.025761
-0.023326
-0.003088
-0.013205
-0.012904
-0.008092
-0.043232
-0.043609
-0.037796
-0.057128
-0.055906
-0.048107
-0.038411
-0.038546
-0.033161
-0.054465
-0.053579
-0.045282
-0.016122
-0.015703
-0.013084
-0.040344
-0.040461
-0.046030
-0.075665
-0.073878
-0.078121
-0.056115
-0.054756
-0.061260
-0.070943
-0.068633
-0.071875
-0.044649
-0.042669
-0.041640
-0.056185
-0.055455
-0.053417
-0.051642
-0.050706
-0.048437
-0.050919
-0.051904
-0.054544
-0.098181
-0.098035
-0.098218
-0.051137
-0.052512
-0.056180
-0.093887
-0.093600
-0.095325
-0.053089
-0.054902
-0.056516
-0.090079
-0.090180
-0.090692
-0.007317
-0.007297
-0.004970
-0.016923
-0.015723
-0.005641
-0.020751
-0.018719
-0.000021
-0.011829
-0.010703
0.001797
-0.015415
-0.014117
-0.005245
-0.018774
-0.016724
0.002301
-0.033224
-0.033411
-0.028055
-0.051437
-0.050812
-0.042284
-0.028613
-0.028302
-0.023307
-0.048231
-0.047812
-0.038841
-0.019618
-0.019510
-0.015534
-0.018213
-0.017401
-0.014229
-0.009702
-0.009158
-0.000036
-0.016054
-0.015033
-0.012121
-0.014828
-0.013877
-0.010615
-0.047540
-0.049436
-0.053465
-0.066367
-0.064417
-0.067945
-0.013197
-0.012060
-0.008086
-0.035553
-0.035286
-0.039447
-0.060894
-0.058493
-0.061584
-0.055764
-0.054203
-0.055321
-0.038851
-0.039840
-0.042846
-0.051877
-0.049381
-0.050159
-0.042567
-0.042143
-0.047235
-0.030147
-0.030443
-0.034055
-0.046787
-0.045272
-0.046512
-0.035322
-0.033416
-0.032092
-0.025341
-0.023207
-0.022136
-0.047262
-0.046132
-0.043674
-0.042750
-0.041088
-0.039145
-0.036990
-0.035279
-0.034176
-0.053392
-0.055505
-0.056877
-0.086319
-0.085690
-0.085973
-0.053800
-0.057379
-0.057122
-0.055860
-0.058637
-0.059405
-0.082279
-0.081764
-0.081063
-0.078785
-0.077801
-0.077713
-0.057541
-0.060761
-0.061077
-0.075412
-0.074328
-0.073762
-0.060077
-0.062799
-0.064313
-0.072551
-0.071196
-0.070558
-0.062238
-0.065172
-0.065287
-0.069348
-0.067966
-0.067435
-0.063205
-0.063572
-0.064826
-0.065945
-0.064324
-0.064384
-0.062261
-0.060631
-0.060733
-0.062582
-0.060701
-0.061477
-0.058919
-0.056709
-0.056717
-0.059388
-0.057074
-0.057606
-0.005594
-0.005276
-0.003535
-0.003675
-0.003294
-0.000334
-0.002269
-0.001978
0.000351
-0.008510
-0.007646
-0.002899
-0.001320
-0.000916
0.002464
-0.014890
-0.013074
0.005841
-0.016847
-0.014605
0.004618
-0.006541
-0.005965
-0.001374
-0.012661
-0.011766
-0.003221
-0.011819
-0.010540
-0.001687
-0.011645
-0.010160
0.008625
-0.013479
-0.011530
0.007341
-0.009647
-0.008404
-0.000595
-0.010457
-0.008664
0.009563
-0.004707
-0.004172
-0.000815
-0.008015
-0.007146
0.000964
-0.007560
-0.006006
0.010456
-0.008753
-0.007353
0.010589
-0.008338
-0.007022
0.005990
-0.005104
-0.004195
0.009238
-0.006878
-0.006634
0.003111
-0.005098
-0.004361
0.005232
-0.023738
-0.023597
-0.019528
-0.045294
-0.044872
-0.036254
-0.013840
-0.013910
-0.011087
-0.018695
-0.018730
-0.015407
-0.036617
-0.037013
-0.028935
-0.041145
-0.041195
-0.032361
-0.010573
-0.009807
-0.008305
-0.032287
-0.032060
-0.025821
-0.015921
-0.016398
-0.013643
-0.018639
-0.019571
-0.015692
-0.023281
-0.022996
-0.018458
-0.027420
-0.027776
-0.022227
-0.013712
-0.014518
-0.012520
-0.019725
-0.019624
-0.015209
-0.012449
-0.013193
-0.011752
-0.021714
-0.022253
-0.017517
-0.017157
-0.017127
-0.012302
-0.012236
-0.012267
-0.011965
-0.022777
-0.023103
-0.017848
-0.015707
-0.015134
-0.010224
-0.012128
-0.011966
-0.011948
-0.022451
-0.022465
-0.016954
-0.014477
-0.013909
-0.008307
-0.021556
-0.021275
-0.016726
-0.013896
-0.012297
-0.010311
-0.006528
-0.005187
0.003405
-0.005368
-0.004126
0.004186
-0.005582
-0.004212
0.010593
-0.006684
-0.005055
0.011312
-0.003137
-0.002389
0.000417
-0.004294
-0.003060
0.010246
-0.002853
-0.001834
0.011271
-0.003359
-0.002607
0.007546
-0.007359
-0.006598
-0.004815
-0.008780
-0.008206
-0.006535
-0.012074
-0.012079
-0.011825
-0.013633
-0.013097
-0.006555
-0.011617
-0.009927
-0.009159
-0.009015
-0.007706
-0.008102
-0.005167
-0.004264
-0.004881
-0.011354
-0.010517
-0.007037
-0.041993
-0.039835
-0.041492
-0.030364
-0.031384
-0.034100
-0.037847
-0.034824
-0.036776
-0.030639
-0.029318
-0.034456
-0.024156
-0.024006
-0.027509
-0.032579
-0.029555
-0.032949
-0.016640
-0.014829
-0.012457
-0.032926
-0.030185
-0.029096
-0.054013
-0.051502
-0.050925
-0.055163
-0.052667
-0.052695
-0.049316
-0.045943
-0.045782
-0.051627
-0.048254
-0.049002
-0.036703
-0.035731
-0.034281
-0.039922
-0.038958
-0.038530
-0.007115
-0.005707
-0.006867
-0.019293
-0.018250
-0.023665
-0.028493
-0.026120
-0.029419
-0.000463
-0.000374
0.003631
-0.002311
-0.002311
-0.003220
-0.003471
-0.002178
0.007665
-0.003392
-0.002119
0.010547
-0.001157
-0.000671
0.009828
-0.004708
-0.003934
-0.000550
-0.006013
-0.005106
-0.002689
-0.012081
-0.011989
-0.011719
-0.012989
-0.012381
-0.005122
-0.011607
-0.011676
-0.010880
-0.011996
-0.011562
-0.004409
-0.011121
-0.010785
-0.007414
-0.011227
-0.010845
-0.003869
-0.021499
-0.020779
-0.019173
-0.024836
-0.024353
-0.024498
-0.003336
-0.003574
-0.005325
-0.003219
-0.003227
-0.004248
-0.001150
-0.001165
-0.001770
-0.000119
0.000035
0.004270
-0.002548
-0.001601
0.004926
-0.002574
-0.001504
0.010980
-0.001711
-0.001036
-0.000572
-0.002131
-0.000958
0.011011
-0.001660
-0.000990
0.009028
-0.003855
-0.003080
-0.004161
-0.002615
-0.002487
-0.003330
-0.021845
-0.022264
-0.025231
-0.024645
-0.023382
-0.025741
-0.028478
-0.024385
-0.023941
-0.009199
-0.007870
-0.005754
-0.001757
-0.002319
-0.002903
-0.018153
-0.017092
-0.020389
-0.020517
-0.019175
-0.021809
-0.010834
-0.010814
-0.015573
-0.017162
-0.015919
-0.019450
-0.014303
-0.013317
-0.016795
-0.014283
-0.013317
-0.016946
-0.008423
-0.005548
-0.005441
-0.022924
-0.019164
-0.018308
-0.017871
-0.013567
-0.012685
-0.000469
-0.000365
-0.000889
-0.001421
-0.000662
0.009350
-0.001394
-0.000662
0.010210
-0.000738
-0.000206
0.009625
-0.003471
-0.002867
0.001741
-0.002349
-0.001943
0.003642
-0.010420
-0.009921
-0.003447
-0.010566
-0.010140
-0.003690
-0.001206
-0.001864
-0.002371
-0.000956
-0.001413
-0.001795
-0.000552
-0.001144
-0.001067
-0.006328
-0.005105
-0.003878
-0.011878
-0.010466
-0.013687
-0.011998
-0.010891
-0.013860
-0.003649
-0.002565
-0.002229
-0.009904
-0.008349
-0.011296
-0.007676
-0.006461
-0.008918
-0.007676
-0.006461
-0.008918
-0.006256
-0.005783
-0.009067
-0.002363
-0.002083
-0.001420
-0.000341
-0.000070
-0.000744
-0.000372
-0.000646
-0.000528
-0.005775
-0.004163
-0.006601
-0.005657
-0.004176
-0.006647
-0.001092
-0.000769
-0.000848
-0.002025
-0.001669
-0.003420
-0.003667
-0.002592
-0.005071
-0.002025
-0.001669
-0.003420
-0.002575
-0.001823
-0.004222
-0.000962
-0.000949
-0.001769
-0.000962
-0.000949
-0.001769
-0.000119
-0.000426
-0.000173
-0.012473
-0.008397
-0.006245
-0.007110
-0.002794
-0.002148
-0.009706
-0.009084
-0.003249
-0.009983
-0.009384
-0.003548
-0.000352
-0.000279
-0.000335
-0.000394
-0.000515
-0.000669
-0.008600
-0.008124
-0.002998
-0.009051
-0.008720
-0.003508
-0.007684
-0.007292
-0.002842
-0.008331
-0.007996
-0.003527
-0.006706
-0.006131
-0.002258
-0.007605
-0.007216
-0.003232
-0.005491
-0.005085
-0.001336
-0.006768
-0.006504
-0.002640
-0.001276
-0.001419
-0.001304
-0.000899
-0.001085
-0.000974
-0.000042
-0.000235
-0.000334
0.000118
-0.000013
-0.000046
-0.000420
0.000078
0.011582
-0.004576
-0.004292
-0.000648
-0.006219
-0.005961
-0.002298
-0.003045
-0.002732
0.000047
-0.003737
-0.003462
-0.000203
-0.005226
-0.004927
-0.002102
-0.005656
-0.005357
-0.002083
-0.001817
-0.001539
0.000894
-0.002374
-0.002003
0.000504
-0.004230
-0.003970
-0.001483
-0.004691
-0.004401
-0.001897
-0.000814
-0.000617
0.001354
-0.001306
-0.001064
0.001197
-0.003111
-0.002815
-0.000811
-0.003664
-0.003442
-0.001046
-0.000569
-0.000377
0.001783
-0.002686
-0.002498
-0.000340
-0.001625
-0.001676
-0.001603
-0.001966
-0.001987
-0.001841
-0.002117
-0.002121
-0.002124
-0.001759
-0.001575
0.000868
-0.002247
-0.001986
0.000332
-0.001320
-0.001170
-0.001302
-0.001398
-0.001048
0.000976
-0.000494
-0.000482
-0.000366
-0.001006
-0.000970
-0.000874
-0.000494
-0.000419
0.001161
-0.001006
-0.000828
0.001138
0.000000
0.000000
0.000000
-0.000174
-0.000158
0.000028
0.000000
0.000000
0.000000
-0.000174
-0.000158
0.000788
-0.000214
-0.000086
0.006407
-0.001558
-0.001018
0.005270
-0.000281
0.000002
0.002173
-0.000135
0.000102
0.002470
-0.002358
-0.002378
-0.002243
-0.002413
-0.002432
-0.002377
-0.002297
-0.002198
-0.002165
-0.002317
-0.002399
-0.002401
-0.002181
-0.002195
-0.002149
-0.001919
-0.001895
-0.001880
-0.001642
-0.001669
-0.001650
-0.000647
-0.000704
-0.000685
-0.000450
-0.000596
-0.000510
-0.000277
-0.000299
-0.000299
-0.000146
-0.000219
-0.000243
-0.000069
-0.000156
-0.000092
-0.000042
0.000000
-0.000056
-0.000109
-0.000366
-0.000436
0.000000
0.000000
-0.000151
0.000000
0.000000
-0.000107
-0.000014
-0.000080
-0.000323
-0.000014
-0.000080
-0.000323
0.000000
0.000000
-0.000107
-0.000949
-0.000199
0.004659
-0.000880
-0.000089
0.008425
-0.002691
-0.000751
-0.000074
-0.000078
0.000122
0.002278
0.000000
0.000000
0.000000
0.000000
0.000000
0.000000
0.000079
0.000058
0.002882
-0.000383
0.000042
-0.000478
-0.000526
0.000342
0.006286
-0.000391
0.000341
0.003940
-0.000391
0.000341
0.003940
-0.000142
0.000300
0.006765
0.000000
0.000142
0.002012
0.000020
0.000000
0.000000
-0.000346
0.000114
0.006527
-0.000909
-0.000392
0.006597
-0.000231
0.000431
0.002683
-0.000231
0.000431
0.002683
-0.000026
0.000097
0.006054
0.000000
0.000062
0.001527
0.000000
0.000000
0.000000
0.000000
0.000000
0.000000
0.000000
0.000000
0.000761
-0.000048
0.000113
0.000539
-0.000027
0.000359
0.003274
0.000021
0.000246
0.002735
0.000068
0.000110
0.003766
-0.000037
0.000097
0.003637
0.000000
0.000000
0.000000
0.000000
0.000000
0.000000
0.000000
0.000000
0.000000
0.000027
0.000000
0.000859
-0.000013
0.000173
0.001746
-0.000013
0.000173
0.001746
-0.000048
0.000000
0.000517
-0.000013
0.000021
-0.000079
-0.000013
0.000021
-0.000079
0.000000
0.000000
0.000000
0.000000
0.000000
0.000000
0.000000
0.000000
0.000000
0.000000
0.000000
0.000000
0.000000
0.000000
0.000000
0.000000
0.000000
0.000000
0.000000
0.000000
0.000000
0.000000
0.000000
0.000000
0.000000
0.000000
0.000000
0.000000
0.000000
0.000000
0.000000
0.000000
0.000000
0.000000
0.000000
0.000000
0.000000
0.000000
0.000000
0.000000
0.000000
0.000000
0.000000
0.000000
0.000000
0.000000
0.000000
0.000000
0.000000
0.000000
0.000000
0.000000
0.000000
0.000000
0.000000
0.000000
0.000000
0.000000
0.000000
0.000000
0.000000
0.000000
0.000000
0.000000
0.000000
0.000000
0.000000
0.000000
0.000000
0.000000
0.000000
0.000000
0.000000
0.000000
0.000000
0.000000
0.000000
0.000000
0.000000
0.000000
0.000000
0.000000
0.000000
0.000000
0.000000
0.000000
0.000000
0.000000
0.000000
0.000000
0.000000
0.000000
0.000000
0.000000
0.000000
0.000000
0.000000
0.000000
0.000000
0.000000
0.000000
0.000000
0.000000
0.000000
0.000000
0.000000
0.000000
0.000000
0.000000
0.000000
0.000000
0.000000
0.000000
0.000000
0.000000
0.000000
0.000000
0.000000
0.000000
0.000000
0.000000
0.000000
0.000000
0.000000
0.000000
0.000000
0.000000
0.000000
0.000000
0.000000
0.000000
0.000000
0.000000
0.000000
0.000000
0.000000
0.000000
0.000000
0.000000
0.000000
0.000000
0.000000
0.000000
0.000000
0.000000
0.000000
0.000000
0.000000
0.000000
0.000000
0.000000
0.000000
0.000000
0.000000
0.000000
0.000000
0.000000
0.000000
0.000000
0.000000
0.000000
0.000000
0.000000
0.000000
0.000000
0.000000
0.000000
0.000000
0.000000
0.000000
0.000000
0.000000
0.000000
0.000000
0.000000
0.000000
0.000000
0.000000
0.000000
0.000000
0.000000
0.000000
0.000000
0.000000
0.000000
0.000000
0.000000
0.000000
0.000000
0.000000
0.000000
0.000000
0.000000
0.000000
0.000000
0.000000
0.000000
0.000000
0.000000
0.000000
0.000000
0.000000
0.000000
0.000000
0.000000
0.000000
0.000000
0.000000
0.000000
0.000000
0.000000
0.000000
0.000000
0.000000
0.000000
0.000000
0.000000
0.000000
0.000000
0.000000
0.000000
0.000000
0.000000
0.000000
0.000000
0.000000
0.000000
0.000000
0.000000
0.000000
0.000000
0.000000
0.000000
0.000000
0.000000
0.000000
0.000000
0.000000
0.000000
0.000000
0.000000
0.000000
0.000000
0.000000
0.000000
0.000000
0.000000
0.000000
0.000000
0.000000
0.000000
0.000000
0.000000
0.000000
0.000000
0.000000
0.000000
0.000000
0.000000
0.000000
0.000000
0.000000
0.000000
0.000000
0.000000
0.000000
0.000000
0.000000
0.000000
0.000000
0.000000
0.000000
0.000000
0.000000
0.000000
0.000000
0.000000
0.000000
0.000000
0.000000
0.000000
0.000000
0.000000
0.000000
0.000000
0.000000
0.000000
0.000000
0.000000
0.000000
0.000000
0.000000
0.000000
0.000000
0.000000
0.000000
0.000000
0.000000
0.000000
0.000000
0.000000
0.000000
0.000000
0.000000
0.000000
0.000000
0.000000
0.000000
0.000000
0.000000
0.000000
0.000000
0.000000
0.000000
0.000000
0.000000
0.000000
0.000000
0.000000
0.000000
0.000000
0.000000
0.000000
0.000000
0.000000
0.000000
0.000000
0.000000
0.000000
0.000000
0.000000
0.000000
0.000000
0.000000
0.000000
0.000000
0.000000
0.000000
0.000000
0.000000
0.000000
0.000000
0.000000
0.000000
0.000000
0.000000
0.000000
0.000000
0.000000
0.000000
0.000000
0.000000
0.000000
0.000000
0.000000
0.000000
0.000000
0.000000
0.000000
0.000000
0.000000
0.000000
0.000000
0.000000
0.000000
0.000000
0.000000
0.000000
0.000000
0.000000
0.000000
0.000000
0.000000
0.000000
0.000000
0.000000
0.000000
0.000000
0.000000
0.000000
0.000000
0.000000
0.000000
0.000000
0.000000
0.000000
0.000000
0.000000
0.000000
0.000000
0.000000
0.000000
0.000000
0.000000
0.000000
0.000000
0.000000
0.000000
0.000000
0.000000
0.000000
0.000000
0.000000
0.000000
0.000000
0.000000
0.000000
0.000000
0.000000
0.000000
0.000000
0.000000
0.000000
0.000000
0.000000
0.000000
0.000000
0.000000
0.000000
0.000000
0.000000
0.000000
0.000000
0.000000
0.000000
0.000000
0.000000
0.000000
0.000000
0.000000
0.000000
0.000000
0.000000
0.000000
0.000000
0.000000
0.000000
0.000000
0.000000
0.000000
0.000000
0.000000
0.000000
0.000000
0.000000
0.000000
0.000000
0.000000
0.000000
0.000000
0.000000
0.000000
0.000000
0.000000
0.000000
0.000000
0.000000
0.000000
0.000000
0.000000
0.000000
0.000000
0.000000
0.000000
0.000000
0.000000
0.000000
0.000000
0.000000
0.000000
0.000000
0.000000
0.000000
0.000000
0.000000
0.000000
0.000000
0.000000
0.000000
0.000000
0.000000
0.000000
0.000000
0.000000
0.000000
0.000000
0.000000
0.000000
0.000000
0.000000
0.000000
0.000000
0.000000
0.000000
0.000000
0.000000
0.000000
0.000000
0.000000
0.000000
0.000000
0.000000
0.000000
0.000000
0.000000
0.000000
0.000000
0.000000
0.000000
0.000000
0.000000
0.000000
0.000000
0.000000
0.000000
0.000000
0.000000
0.000000
0.000000
0.000000
0.000000
0.000000
0.000000
0.000000
0.000000
0.000000
0.000000
0.000000
0.000000
0.000000
0.000000
0.000000
0.000000
0.000000
0.000000
0.000000
0.000000
0.000000
0.000000
0.000000
0.000000
0.000000
0.000000
0.000000
0.000000
0.000000
0.000000
0.000000
0.000000
0.000000
0.000000
0.000000
0.000000
0.000000
0.000000
0.000000
0.000000
0.000000
0.000000
0.000000
0.000000
0.000000
0.000000
0.000000
0.000000
0.000000
0.000000
0.000000
0.000000
0.000000
0.000000
0.000000
0.000000
0.000000
0.000000
0.000000
0.000000
0.000000
0.000000
0.000000
0.000000
0.000000
0.000000
0.000000
0.000000
0.000000
0.000000
0.000000
0.000000
0.000000
0.000000
0.000000
0.000000
0.000000
0.000000
0.000000
0.000000
0.000000
0.000000
0.000000
0.000000
0.000000
0.000000
0.000000
0.000000
0.000000
0.000000
0.000000
0.000000
0.000000
0.000000
0.000000
0.000000
0.000000
0.000000
0.000000
0.000000
0.000000
0.000000
0.000000
0.000000
0.000000
0.000000
0.000000
0.000000
0.000000
0.000000
0.000000
0.000000
0.000000
0.000000
0.000000
0.000000
0.000000
0.000000
0.000000
0.000000
0.000000
0.000000
0.000000
0.000000
0.000000
0.000000
0.000000
0.000000
0.000000
0.000000
0.000000
0.000000
0.000000
0.000000
0.000000
0.000000
0.000000
0.000000
0.000000
0.000000
0.000000
0.000000
0.000000
0.000000
0.000000
0.000000
0.000000
0.000000
0.000000
0.000000
0.000000
0.000000
0.000000
0.000000
0.000000
0.000000
0.000000
0.000000
0.000000
0.000000
0.000000
0.000000
0.000000
0.000000
0.000000
0.000000
0.000000
0.000000
0.000000
0.000000
0.000000
0.000000
0.000000
0.000000
0.000000
0.000000
0.000000
0.000000
0.000000
0.000000
0.000000
0.000000
0.000000
0.000000
0.000000
0.000000
0.000000
0.000000
0.000000
0.000000
0.000000
0.000000
0.000000
0.000000
0.000000
0.000000
0.000000
0.000000
0.000000
0.000000
0.000000
0.000000
0.000000
0.000000
0.000000
0.000000
0.000000
0.000000
0.000000
0.000000
0.000000
0.000000
0.000000
0.000000
0.000000
0.000000
0.000000
0.000000
0.000000
0.000000
0.000000
0.000000
0.000000
0.000000
0.000000
0.000000
0.000000
0.000000
0.000000
0.000000
0.000000
0.000000
0.000000
0.000000
0.000000
0.000000
0.000000
0.000000
0.000000
0.000000
0.000000
0.000000
0.000000
0.000000
0.000000
0.000000
0.000000
0.000000
0.000000
0.000000
0.000000
0.000000
0.000000
0.000000
0.000000
0.000000
0.000000
0.000000
0.000000
0.000000
0.000000
0.000000
0.000000
0.000000
0.000000
0.000000
0.000000
0.000000
0.000000
0.000000
0.000000
0.000000
0.000000
0.000000
0.000000
0.000000
0.000000
0.000000
0.000000
0.000000
0.000000
0.000000
0.000000
0.000000
0.000000
0.000000
0.000000
0.000000
0.000000
0.000000
0.000000
0.000000
0.000000
0.000000
0.000000
0.000000
0.000000
0.000000
0.000000
0.000000
0.000000
0.000000
0.000000
0.000000
0.000000
0.000000
0.000000
0.000000
0.000000
0.000000
0.000000
0.000000
0.000000
0.000000
0.000000
0.000000
0.000000
0.000000
0.000000
0.000000
0.000000
0.000000
0.000000
0.000000
0.000000
0.000000
0.000000
0.000000
0.000000
0.000000
0.000000
0.000000
0.000000
0.000000
0.000000
0.000000
0.000000
0.000000
0.000000
0.000000
0.000000
0.000000
0.000000
0.000000
0.000000
0.000000
0.000000
0.000000
0.000000
0.000000
0.000000
0.000000
0.000000
0.000000
0.000000
0.000000
0.000000
0.000000
0.000000
0.000000
0.000000
0.000000
0.000000
0.000000
0.000000
0.000000
0.000000
0.000000
0.000000
0.000000
0.000000
0.000000
0.000000
0.000000
0.000000
0.000000
0.000000
0.000000
0.000000
0.000000
0.000000
0.000000
0.000000
0.000000
0.000000
0.000000
0.000000
0.000000
0.000000
0.000000
0.000000
0.000000
0.000000
0.000000
0.000000
0.000000
0.000000
0.000000
0.000000
0.000000
0.000000
0.000000
0.000000
0.000000
0.000000
0.000000
0.000000
0.000000
0.000000
0.000000
0.000000
0.000000
0.000000
0.000000
0.000000
0.000000
0.000000
0.000000
0.000000
0.000000
0.000000
0.000000
0.000000
0.000000
0.000000
0.000000
0.000000
0.000000
0.000000
0.000000
0.000000
0.000000
0.000000
0.000000
0.000000
0.000000
0.000000
0.000000
0.000000
0.000000
0.000000
0.000000
0.000000
0.000000
0.000000
0.000000
0.000000
0.000000
0.000000
0.000000
0.000000
0.000000
0.000000
0.000000
0.000000
0.000000
0.000000
0.000000
0.000000
0.000000
0.000000
0.000000
0.000000
0.000000
0.000000
0.000000
0.000000
0.000000
0.000000
0.000000
0.000000
0.000000
0.000000
0.000000
0.000000
0.000000
0.000000
0.000000
0.000000
0.000000
0.000000
0.000000
0.000000
0.000000
0.000000
0.000000
0.000000
0.000000
0.000000
0.000000
0.000000
0.000000
0.000000
0.000000
0.000000
0.000000
0.000000
0.000000
0.000000
0.000000
0.000000
0.000000
0.000000
0.000000
0.000000
0.000000
0.000000
0.000000
0.000000
0.000000
0.000000
0.000000
0.000000
0.000000
0.000000
0.000000
0.000000
0.000000
0.000000
0.000000
0.000000
0.000000
0.000000
0.000000
0.000000
0.000000
0.000000
0.000000
0.000000
0.000000
0.000000
0.000000
0.000000
0.000000
0.000000
0.000000
0.000000
0.000000
0.000000
0.000000
0.000000
0.000000
0.000000
0.000000
0.000000
0.000000
0.000000
0.000000
0.000000
0.000000
0.000000
0.000000
0.000000
0.000000
0.000000
0.000000
0.000000
0.000000
0.000000
0.000000
0.000000
0.000000
0.000000
0.000000
0.000000
0.000000
0.000000
0.000000
0.000000
0.000000
0.000000
0.000000
0.000000
0.000000
0.000000
0.000000
0.000000
0.000000
0.000000
0.000000
0.000000
0.000000
0.000000
0.000000
0.000000
0.000000
0.000000
0.000000
0.000000
0.000000
0.000000
0.000000
0.000000
0.000000
0.000000
0.000000
0.000000
0.000000
0.000000
0.000000
0.000000
0.000000
0.000000
0.000000
0.000000
0.000000
0.000000
0.000000
0.000000
0.000000
0.000000
0.000000
0.000000
0.000000
0.000000
0.000000
0.000000
0.000000
0.000000
0.000000
0.000000
0.000000
0.000000
0.000000
0.000000
0.000000
0.000000
0.000000
0.000000
0.000000
0.000000
0.000000
0.000000
0.000000
0.000000
0.000000
0.000000
0.000000
0.000000
0.000000
0.000000
0.000000
0.000000
0.000000
0.000000
0.000000
0.000000
0.000000
0.000000
0.000000
0.000000
0.000000
0.000000
0.000000
0.000000
0.000000
0.000000
0.000000
0.000000
0.000000
0.000000
0.000000
0.000000
0.000000
0.000000
0.000000
0.000000
0.000000
0.000000
0.000000
0.000000
0.000000
0.000000
0.000000
0.000000
0.000000
0.000000
0.000000
0.000000
0.000000
0.000000
0.000000
0.000000
0.000000
0.000000
0.000000
0.000000
0.000000
0.000000
0.000000
0.000000
0.000000
0.000000
0.000000
0.000000
0.000000
0.000000
0.000000
0.000000
0.000000
0.000000
0.000000
0.000000
0.000000
0.000000
0.000000
0.000000
0.000000
0.000000
0.000000
0.000000
0.000000
0.000000
0.000000
0.000000
0.000000
0.000000
0.000000
0.000000
0.000000
0.000000
0.000000
0.000000
0.000000
0.000000
0.000000
0.000000
0.000000
0.000000
0.000000
0.000000
0.000000
0.000000
0.000000
0.000000
0.000000
0.000000
0.000000
0.000000
0.000000
0.000000
0.000000
0.000000
0.000000
0.000000
0.000000
0.000000
0.000000
0.000000
0.000000
0.000000
0.000000
0.000000
0.000000
0.000000
0.000000
0.000000
0.000000
0.000000
0.000000
0.000000
0.000000
0.000000
0.000000
0.000000
0.000000
0.000000
0.000000
0.000000
0.000000
0.000000
0.000000
0.000000
0.000000
0.000000
0.000000
0.000000
0.000000
0.000000
0.000000
0.000000
0.000000
0.000000
0.000000
0.000000
0.000000
0.000000
0.000000
0.000000
0.000000
0.000000
0.000000
0.000000
0.000000
0.000000
0.000000
0.000000
0.000000
0.000000
0.000000
0.000000
0.000000
0.000000
0.000000
0.000000
0.000000
0.000000
0.000000
0.000000
0.000000
0.000000
0.000000
0.000000
0.000000
0.000000
0.000000
0.000000
0.000000
0.000000
0.000000
0.000000
0.000000
0.000000
0.000000
0.000000
0.000000
0.000000
0.000000
0.000000
0.000000
0.000000
0.000000
0.000000
0.000000
0.000000
0.000000
0.000000
0.000000
0.000000
0.000000
0.000000
0.000000
0.000000
0.000000
0.000000
0.000000
0.000000
0.000000
0.000000
0.000000
0.000000
0.000000
0.000000
0.000000
0.000000
0.000000
0.000000
0.000000
0.000000
0.000000
0.000000
0.000000
0.000000
0.000000
0.000000
0.000000
0.000000
0.000000
0.000000
0.000000
0.000000
0.000000
0.000000
0.000000
0.000000
0.000000
0.000000
0.000000
0.000000
0.000000
0.000000
0.000000
0.000000
0.000000
0.000000
0.000000
0.000000
0.000000
0.000000
0.000000
0.000000
0.000000
0.000000
0.000000
0.000000
0.000000
0.000000
0.000000
0.000000
0.000000
0.000000
0.000000
0.000000
0.000000
0.000000
0.000000
0.000000
0.000000
0.000000
0.000000
0.000000
0.000000
0.000000
0.000000
0.000000
0.000000
0.000000
0.000000
0.000000
0.000000
0.000000
0.000000
0.000000
0.000000
0.000000
0.000000
0.000000
0.000000
0.000000
0.000000
0.000000
0.000000
0.000000
0.000000
0.000000
0.000000
0.000000
0.000000
0.000000
0.000000
0.000000
0.000000
0.000000
0.000000
0.000000
0.000000
0.000000
0.000000
0.000000
0.000000
0.000000
0.000000
0.000000
0.000000
0.000000
0.000000
0.000000
0.000000
0.000000
0.000000
0.000000
0.000000
0.000000
0.000000
0.000000
0.000000
0.000000
0.000000
0.000000
0.000000
0.000000
0.000000
0.000000
0.000000
0.000000
0.000000
0.000000
0.000000
0.000000
0.000000
0.000000
0.000000
0.000000
0.000000
0.000000
0.000000
0.000000
0.000000
0.000000
0.000000
0.000000
0.000000
0.000000
0.000000
0.000000
0.000000
0.000000
0.000000
0.000000
0.000000
0.000000
0.000000
0.000000
0.000000
0.000000
0.000000
0.000000
0.000000
0.000000
0.000000
0.000000
0.000000
0.000000
0.000000
0.000000
0.000000
0.000000
0.000000
0.000000
0.000000
0.000000
0.000000
0.000000
0.000000
0.000000
0.000000
0.000000
0.000000
0.000000
0.000000
0.000000
0.000000
0.000000
0.000000
0.000000
0.000000
0.000000
0.000000
0.000000
0.000000
0.000000
0.000000
0.000000
0.000000
0.000000
0.000000
0.000000
0.000000
0.000000
0.000000
0.000000
0.000000
0.000000
0.000000
0.000000
0.000000
0.000000
0.000000
0.000000
0.000000
0.000000
0.000000
0.000000
0.000000
0.000000
0.000000
0.000000
0.000000
0.000000
0.000000
0.000000
0.000000
0.000000
0.000000
0.000000
0.000000
0.000000
0.000000
0.000000
0.000000
0.000000
0.000000
0.000000
0.000000
0.000000
0.000000
0.000000
0.000000
0.000000
0.000000
0.000000
0.000000
0.000000
0.000000
0.000000
0.000000
0.000000
0.000000
0.000000
0.000000
0.000000
0.000000
0.000000
0.000000
0.000000
0.000000
0.000000
0.000000
0.000000
0.000000
0.000000
0.000000
0.000000
0.000000
0.000000
0.000000
0.000000
0.000000
0.000000
0.000000
0.000000
0.000000
0.000000
0.000000
0.000000
0.000000
0.000000
0.000000
0.000000
0.000000
0.000000
0.000000
0.000000
0.000000
0.000000
0.000000
0.000000
0.000000
0.000000
0.000000
0.000000
0.000000
0.000000
0.000000
0.000000
0.000000
0.000000
0.000000
0.000000
0.000000
0.000000
0.000000
0.000000
0.000000
0.000000
0.000000
0.000000
0.000000
0.000000
0.000000
0.000000
0.000000
0.000000
0.000000
0.000000
0.000000
0.000000
0.000000
0.000000
0.000000
0.000000
0.000000
0.000000
0.000000
0.000000
0.000000
0.000000
0.000000
0.000000
0.000000
0.000000
0.000000
0.000000
0.000000
0.000000
0.000000
0.000000
0.000000
0.000000
0.000000
0.000000
0.000000
0.000000
0.000000
0.000000
0.000000
0.000000
0.000000
0.000000
0.000000
0.000000
0.000000
0.000000
0.000000
0.000000
0.000000
0.000000
0.000000
0.000000
0.000000
0.000000
0.000000
0.000000
0.000000
0.000000
0.000000
0.000000
0.000000
0.000000
0.000000
0.000000
0.000000
0.000000
0.000000
0.000000
0.000000
0.000000
0.000000
0.000000
0.000000
0.000000
0.000000
0.000000
0.000000
0.000000
0.000000
0.000000
0.000000
0.000000
0.000000
0.000000
0.000000
0.000000
0.000000
0.000000
0.000000
0.000000
0.000000
0.000000
0.000000
0.000000
0.000000
0.000000
0.000000
0.000000
0.000000
0.000000
0.000000
0.000000
0.000000
0.000000
0.000000
0.000000
0.000000
0.000000
0.000000
0.000000
0.000000
0.000000
0.000000
0.000000
0.000000
0.000000
0.000000
0.000000
0.000000
0.000000
0.000000
0.000000
0.000000
0.000000
0.000000
0.000000
0.000000
0.000000
0.000000
0.000000
0.000000
0.000000
0.000000
0.000000
0.000000
0.000000
0.000000
0.000000
0.000000
0.000000
0.000000
0.000000
0.000000
0.000000
0.000000
0.000000
0.000000
0.000000
0.000000
0.000000
0.000000
0.000000
0.000000
0.000000
0.000000
0.000000
0.000000
0.000000
0.000000
0.000000
0.000000
0.000000
0.000000
0.000000
0.000000
0.000000
0.000000
0.000000
0.000000
0.000000
0.000000
0.000000
0.000000
0.000000
0.000000
0.000000
0.000000
0.000000
0.000000
0.000000
0.000000
0.000000
0.000000
0.000000
0.000000
0.000000
0.000000
0.000000
0.000000
0.000000
0.000000
0.000000
0.000000
0.000000
0.000000
0.000000
0.000000
0.000000
0.000000
0.000000
0.000000
0.000000
0.000000
0.000000
0.000000
0.000000
0.000000
0.000000
0.000000
0.000000
0.000000
0.000000
0.000000
0.000000
0.000000
0.000000
0.000000
0.000000
0.000000
0.000000
0.000000
0.000000
0.000000
0.000000
0.000000
0.000000
0.000000
0.000000
0.000000
0.000000
0.000000
0.000000
0.000000
0.000000
0.000000
0.000000
0.000000
0.000000
0.000000
0.000000
0.000000
0.000000
0.000000
0.000000
0.000000
0.000000
0.000000
0.000000
0.000000
0.000000
0.000000
0.000000
0.000000
0.000000
0.000000
0.000000
0.000000
0.000000
0.000000
0.000000
0.000000
0.000000
0.000000
0.000000
0.000000
0.000000
0.000000
0.000000
0.000000
0.000000
0.000000
0.000000
0.000000
0.000000
0.000000
0.000000
0.000000
0.000000
0.000000
0.000000
0.000000
0.000000
0.000000
0.000000
0.000000
0.000000
0.000000
0.000000
0.000000
0.000000
0.000000
0.000000
0.000000
0.000000
0.000000
0.000000
0.000000
0.000000
0.000000
0.000000
0.000000
0.000000
0.000000
0.000000
0.000000
0.000000
0.000000
0.000000
0.000000
0.000000
0.000000
0.000000
0.000000
0.000000
0.000000
0.000000
0.000000
0.000000
0.000000
0.000000
0.000000
0.000000
0.000000
0.000000
0.000000
0.000000
0.000000
0.000000
0.000000
0.000000
0.000000
0.000000
0.000000
0.000000
0.000000
0.000000
0.000000
0.000000
0.000000
0.000000
0.000000
0.000000
0.000000
0.000000
0.000000
0.000000
0.000000
0.000000
0.000000
0.000000
0.000000
0.000000
0.000000
0.000000
0.000000
0.000000
0.000000
0.000000
0.000000
0.000000
0.000000
0.000000
0.000000
0.000000
0.000000
0.000000
0.000000
0.000000
0.000000
0.000000
0.000000
0.000000
0.000000
0.000000
0.000000
0.000000
0.000000
0.000000
0.000000
0.000000
0.000000
0.000000
0.000000
0.000000
0.000000
0.000000
0.000000
0.000000
0.000000
0.000000
0.000000
0.000000
0.000000
0.000000
0.000000
0.000000
0.000000
0.000000
0.000000
0.000000
0.000000
0.000000
0.000000
0.000000
0.000000
0.000000
0.000000
0.000000
0.000000
0.000000
0.000000
0.000000
0.000000
0.000000
0.000000
0.000000
0.000000
0.000000
0.000000
0.000000
0.000000
0.000000
0.000000
0.000000
0.000000
0.000000
0.000000
0.000000
0.000000
0.000000
0.000000
0.000000
0.000000
0.000000
0.000000
0.000000
0.000000
0.000000
0.000000
0.000000
0.000000
0.000000
0.000000
0.000000
0.000000
0.000000
0.000000
0.000000
0.000000
0.000000
0.000000
0.000000
0.000000
0.000000
0.000000
0.000000
0.000000
0.000000
0.000000
0.000000
0.000000
0.000000
0.000000
0.000000
0.000000
0.000000
0.000000
0.000000
0.000000
0.000000
0.000000
0.000000
0.000000
0.000000
0.000000
0.000000
0.000000
0.000000
0.000000
0.000000
0.000000
0.000000
0.000000
0.000000
0.000000
0.000000
0.000000
0.000000
0.000000
0.000000
0.000000
0.000000
0.000000
0.000000
0.000000
0.000000
0.000000
0.000000
0.000000
0.000000
0.000000
0.000000
0.000000
0.000000
0.000000
0.000000
0.000000
0.000000
0.000000
0.000000
0.000000
0.000000
0.000000
0.000000
0.000000
0.000000
0.000000
0.000000
0.000000
0.000000
0.000000
0.000000
0.000000
0.000000
0.000000
0.000000
0.000000
0.000000
0.000000
0.000000
0.000000
0.000000
0.000000
0.000000
0.000000
0.000000
0.000000
0.000000
0.000000
0.000000
0.000000
0.000000
0.000000
0.000000
0.000000
0.000000
0.000000
0.000000
0.000000
0.000000
0.000000
0.000000
0.000000
0.000000
0.000000
0.000000
0.000000
0.000000
0.000000
0.000000
0.000000
0.000000
0.000000
0.000000
0.000000
0.000000
0.000000
0.000000
0.000000
0.000000
0.000000
0.000000
0.000000
0.000000
0.000000
0.000000
0.000000
0.000000
0.000000
0.000000
0.000000
0.000000
0.000000
0.000000
0.000000
0.000000
0.000000
0.000000
0.000000
0.000000
0.000000
0.000000
0.000000
0.000000
0.000000
0.000000
0.000000
0.000000
0.000000
0.000000
0.000000
0.000000
0.000000
0.000000
0.000000
0.000000
0.000000
0.000000
0.000000
0.000000
0.000000
0.000000
0.000000
0.000000
0.000000
0.000000
0.000000
0.000000
0.000000
0.000000
0.000000
0.000000
0.000000
0.000000
0.000000
0.000000
0.000000
0.000000
0.000000
0.000000
0.000000
0.000000
0.000000
0.000000
0.000000
0.000000
0.000000
0.000000
0.000000
0.000000
0.000000
0.000000
0.000000
0.000000
0.000000
0.000000
0.000000
0.000000
0.000000
0.000000
0.000000
0.000000
0.000000
0.000000
0.000000
0.000000
0.000000
0.000000
0.000000
0.000000
0.000000
0.000000
0.000000
0.000000
0.000000
0.000000
0.000000
0.000000
0.000000
0.000000
0.000000
0.000000
0.000000
0.000000
0.000000
0.000000
0.000000
0.000000
0.000000
0.000000
0.000000
0.000000
0.000000
0.000000
0.000000
0.000000
0.000000
0.000000
0.000000
0.000000
0.000000
0.000000
0.000000
0.000000
0.000000
0.000000
0.000000
0.000000
0.000000
0.000000
0.000000
0.000000
0.000000
0.000000
0.000000
0.000000
0.000000
0.000000
0.000000
0.000000
0.000000
0.000000
0.000000
0.000000
0.000000
0.000000
0.000000
0.000000
0.000000
0.000000
0.000000
0.000000
0.000000
0.000000
0.000000
0.000000
0.000000
0.000000
0.000000
0.000000
0.000000
0.000000
0.000000
0.000000
0.000000
0.000000
0.000000
0.000000
0.000000
0.000000
0.000000
0.000000
0.000000
0.000000
0.000000
0.000000
0.000000
0.000000
0.000000
0.000000
0.000000
0.000000
0.000000
0.000000
0.000000
0.000000
0.000000
0.000000
0.000000
0.000000
0.000000
0.000000
0.000000
0.000000
0.000000
0.000000
0.000000
0.000000
0.000000
0.000000
0.000000
0.000000
0.000000
0.000000
0.000000
0.000000
0.000000
0.000000
0.000000
0.000000
0.000000
0.000000
0.000000
0.000000
0.000000
0.000000
0.000000
0.000000
0.000000
0.000000
0.000000
0.000000
0.000000
0.000000
0.000000
0.000000
0.000000
0.000000
0.000000
0.000000
0.000000
0.000000
0.000000
0.000000
0.000000
0.000000
0.000000
0.000000
0.000000
0.000000
0.000000
0.000000
0.000000
0.000000
0.000000
0.000000
0.000000
0.000000
0.000000
0.000000
0.000000
0.000000
0.000000
0.000000
0.000000
0.000000
0.000000
0.000000
0.000000
0.000000
0.000000
0.000000
0.000000
0.000000
0.000000
0.000000
0.000000
0.000000
0.000000
0.000000
0.000000
0.000000
0.000000
0.000000
0.000000
0.000000
0.000000
0.000000
0.000000
0.000000
0.000000
0.000000
0.000000
0.000000
0.000000
0.000000
0.000000
0.000000
0.000000
0.000000
0.000000
0.000000
0.000000
0.000000
0.000000
0.000000
0.000000
0.000000
0.000000
0.000000
0.000000
0.000000
0.000000
0.000000
0.000000
0.000000
0.000000
0.000000
0.000000
0.000000
0.000000
0.000000
0.000000
0.000000
0.000000
0.000000
0.000000
0.000000
0.000000
0.000000
0.000000
0.000000
0.000000
0.000000
0.000000
0.000000
0.000000
0.000000
0.000000
0.000000
0.000000
0.000000
0.000000
0.000000
0.000000
0.000000
0.000000
0.000000
0.000000
0.000000
0.000000
0.000000
0.000000
0.000000
0.000000
0.000000
0.000000
0.000000
0.000000
0.000000
0.000000
0.000000
0.000000
0.000000
0.000000
0.000000
0.000000
0.000000
0.000000
0.000000
0.000000
0.000000
0.000000
0.000000
0.000000
0.000000
0.000000
0.000000
0.000000
0.000000
0.000000
0.000000
0.000000
0.000000
0.000000
0.000000
0.000000
0.000000
0.000000
0.000000
0.000000
0.000000
0.000000
0.000000
0.000000
0.000000
0.000000
0.000000
0.000000
0.000000
0.000000
0.000000
0.000000
0.000000
0.000000
0.000000
0.000000
0.000000
0.000000
0.000000
0.000000
0.000000
0.000000
0.000000
0.000000
0.000000
0.000000
0.000000
0.000000
0.000000
0.000000
0.000000
0.000000
0.000000
0.000000
0.000000
0.000000
0.000000
0.000000
0.000000
0.000000
0.000000
0.000000
0.000000
0.000000
0.000000
0.000000
0.000000
0.000000
0.000000
0.000000
0.000000
0.000000
0.000000
0.000000
0.000000
0.000000
0.000000
0.000000
0.000000
0.000000
0.000000
0.000000
0.000000
0.000000
0.000000
0.000000
0.000000
0.000000
0.000000
0.000000
0.000000
0.000000
0.000000
0.000000
0.000000
0.000000
0.000000
0.000000
0.000000
0.000000
0.000000
0.000000
0.000000
0.000000
0.000000
0.000000
0.000000
0.000000
0.000000
0.000000
0.000000
0.000000
0.000000
0.000000
0.000000
0.000000
0.000000
0.000000
0.000000
0.000000
0.000000
0.000000
0.000000
0.000000
0.000000
0.000000
0.000000
0.000000
0.000000
0.000000
0.000000
0.000000
0.000000
0.000000
0.000000
0.000000
0.000000
0.000000
0.000000
0.000000
0.000000
0.000000
0.000000
0.000000
0.000000
0.000000
0.000000
0.000000
0.000000
0.000000
0.000000
0.000000
0.000000
0.000000
0.000000
0.000000
0.000000
0.000000
0.000000
0.000000
0.000000
0.000000
0.000000
0.000000
0.000000
0.000000
0.000000
0.000000
0.000000
0.000000
0.000000
0.000000
0.000000
0.000000
0.000000
0.000000
0.000000
0.000000
0.000000
0.000000
0.000000
0.000000
0.000000
0.000000
0.000000
0.000000
0.000000
0.000000
0.000000
0.000000
0.000000
0.000000
0.000000
0.000000
0.000000
0.000000
0.000000
0.000000
0.000000
0.000000
0.000000
0.000000
0.000000
0.000000
0.000000
0.000000
0.000000
0.000000
0.000000
0.000000
0.000000
0.000000
0.000000
0.000000
0.000000
0.000000
0.000000
0.000000
0.000000
0.000000
0.000000
0.000000
0.000000
0.000000
0.000000
0.000000
0.000000
0.000000
0.000000
0.000000
0.000000
0.000000
0.000000
0.000000
0.000000
0.000000
0.000000
0.000000
0.000000
0.000000
0.000000
0.000000
0.000000
0.000000
0.000000
0.000000
0.000000
0.000000
0.000000
0.000000
0.000000
0.000000
0.000000
0.000000
0.000000
0.000000
0.000000
0.000000
0.000000
0.000000
0.000000
0.000000
0.000000
0.000000
0.000000
0.000000
0.000000
0.000000
0.000000
0.000000
0.000000
0.000000
0.000000
0.000000
0.000000
0.000000
0.000000
0.000000
0.000000
0.000000
0.000000
0.000000
0.000000
0.000000
0.000000
0.000000
0.000000
0.000000
0.000000
0.000000
0.000000
0.000000
0.000000
0.000000
0.000000
0.000000
0.000000
0.000000
0.000000
0.000000
0.000000
0.000000
0.000000
0.000000
0.000000
0.000000
0.000000
0.000000
0.000000
0.000000
0.000000
0.000000
0.000000
0.000000
0.000000
0.000000
0.000000
0.000000
0.000000
0.000000
0.000000
0.000000
0.000000
0.000000
0.000000
0.000000
0.000000
0.000000
0.000000
0.000000
0.000000
0.000000
0.000000
0.000000
0.000000
0.000000
0.000000
0.000000
0.000000
0.000000
0.000000
0.000000
0.000000
0.000000
0.000000
0.000000
0.000000
0.000000
0.000000
0.000000
0.000000
0.000000
0.000000
0.000000
0.000000
0.000000
0.000000
0.000000
0.000000
0.000000
0.000000
0.000000
0.000000
0.000000
0.000000
0.000000
0.000000
0.000000
0.000000
0.000000
0.000000
0.000000
0.000000
0.000000
0.000000
0.000000
0.000000
0.000000
0.000000
0.000000
0.000000
0.000000
0.000000
0.000000
0.000000
0.000000
0.000000
0.000000
0.000000
0.000000
0.000000
0.000000
0.000000
0.000000
0.000000
0.000000
0.000000
0.000000
0.000000
0.000000
0.000000
0.000000
0.000000
0.000000
0.000000
0.000000
0.000000
0.000000
0.000000
0.000000
0.000000
0.000000
0.000000
0.000000
0.000000
0.000000
0.000000
0.000000
0.000000
0.000000
0.000000
0.000000
0.000000
0.000000
0.000000
0.000000
0.000000
0.000000
0.000000
0.000000
0.000000
0.000000
0.000000
0.000000
0.000000
0.000000
0.000000
0.000000
0.000000
0.000000
0.000000
0.000000
0.000000
0.000000
0.000000
0.000000
0.000000
0.000000
0.000000
0.000000
0.000000
0.000000
0.000000
0.000000
0.000000
0.000000
0.000000
0.000000
0.000000
0.000000
0.000000
0.000000
0.000000
0.000000
0.000000
0.000000
0.000000
0.000000
0.000000
0.000000
0.000000
0.000000
0.000000
0.000000
0.000000
0.000000
0.000000
0.000000
0.000000
0.000000
0.000000
0.000000
0.000000
0.000000
0.000000
0.000000
0.000000
0.000000
0.000000
0.000000
0.000000
0.000000
0.000000
0.000000
0.000000
0.000000
0.000000
0.000000
0.000000
0.000000
0.000000
0.000000
0.000000
0.000000
0.000000
0.000000
0.000000
0.000000
0.000000
0.000000
0.000000
0.000000
0.000000
0.000000
0.000000
0.000000
0.000000
0.000000
0.000000
0.000000
0.000000
0.000000
0.000000
0.000000
0.000000
0.000000
0.000000
0.000000
0.000000
0.000000
0.000000
0.000000
0.000000
0.000000
0.000000
0.000000
0.000000
0.000000
0.000000
0.000000
0.000000
0.000000
0.000000
0.000000
0.000000
0.000000
0.000000
0.000000
0.000000
0.000000
0.000000
0.000000
0.000000
0.000000
0.000000
0.000000
0.000000
0.000000
0.000000
0.000000
0.000000
0.000000
0.000000
0.000000
0.000000
0.000000
0.000000
0.000000
0.000000
0.000000
0.000000
0.000000
0.000000
0.000000
0.000000
0.000000
0.000000
0.000000
0.000000
0.000000
0.000000
0.000000
0.000000
0.000000
0.000000
0.000000
0.000000
0.000000
0.000000
0.000000
0.000000
0.000000
0.000000
0.000000
0.000000
0.000000
0.000000
0.000000
0.000000
0.000000
0.000000
0.000000
0.000000
0.000000
0.000000
0.000000
0.000000
0.000000
0.000000
0.000000
0.000000
0.000000
0.000000
0.000000
0.000000
0.000000
0.000000
0.000000
0.000000
0.000000
0.000000
0.000000
0.000000
0.000000
0.000000
0.000000
0.000000
0.000000
0.000000
0.000000
0.000000
0.000000
0.000000
0.000000
0.000000
0.000000
0.000000
0.000000
0.000000
0.000000
0.000000
0.000000
0.000000
0.000000
0.000000
0.000000
0.000000
0.000000
0.000000
0.000000
0.000000
0.000000
0.000000
0.000000
0.000000
0.000000
0.000000
0.000000
0.000000
0.000000
0.000000
0.000000
0.000000
0.000000
0.000000
0.000000
0.000000
0.000000
0.000000
0.000000
0.000000
0.000000
0.000000
0.000000
0.000000
0.000000
0.000000
0.000000
0.000000
0.000000
0.000000
0.000000
0.000000
0.000000
0.000000
0.000000
0.000000
0.000000
0.000000
0.000000
0.000000
0.000000
0.000000
0.000000
0.000000
0.000000
0.000000
0.000000
0.000000
0.000000
0.000000
0.000000
0.000000
0.000000
0.000000
0.000000
0.000000
0.000000
0.000000
0.000000
0.000000
0.000000
0.000000
0.000000
0.000000
0.000000
0.000000
0.000000
0.000000
0.000000
0.000000
0.000000
0.000000
0.000000
0.000000
0.000000
0.000000
0.000000
0.000000
0.000000
0.000000
0.000000
0.000000
0.000000
0.000000
0.000000
0.000000
0.000000
0.000000
0.000000
0.000000
0.000000
0.000000
0.000000
0.000000
0.000000
0.000000
0.000000
0.000000
0.000000
0.000000
0.000000
0.000000
0.000000
0.000000
0.000000
0.000000
0.000000
0.000000
0.000000
0.000000
0.000000
0.000000
0.000000
0.000000
0.000000
0.000000
0.000000
0.000000
0.000000
0.000000
0.000000
0.000000
0.000000
0.000000
0.000000
0.000000
0.000000
0.000000
0.000000
0.000000
0.000000
0.000000
0.000000
0.000000
0.000000
0.000000
0.000000
0.000000
0.000000
0.000000
0.000000
0.000000
0.000000
0.000000
0.000000
0.000000
0.000000
0.000000
0.000000
0.000000
0.000000
0.000000
0.000000
0.000000
0.000000
0.000000
0.000000
0.000000
0.000000
0.000000
0.000000
0.000000
0.000000
0.000000
0.000000
0.000000
0.000000
0.000000
0.000000
0.000000
0.000000
0.000000
0.000000
0.000000
0.000000
0.000000
0.000000
0.000000
0.000000
0.000000
0.000000
0.000000
0.000000
0.000000
0.000000
0.000000
0.000000
0.000000
0.000000
0.000000
0.000000
0.000000
0.000000
0.000000
0.000000
0.000000
0.000000
0.000000
0.000000
0.000000
0.000000
0.000000
0.000000
0.000000
0.000000
0.000000
0.000000
0.000000
0.000000
0.000000
0.000000
0.000000
0.000000
0.000000
0.000000
0.000000
0.000000
0.000000
0.000000
0.000000
0.000000
0.000000
0.000000
0.000000
0.000000
0.000000
0.000000
0.000000
0.000000
0.000000
0.000000
0.000000
0.000000
0.000000
0.000000
0.000000
0.000000
0.000000
0.000000
0.000000
0.000000
0.000000
0.000000
0.000000
0.000000
0.000000
0.000000
0.000000
0.000000
0.000000
0.000000
0.000000
0.000000
0.000000
0.000000
0.000000
0.000000
0.000000
0.000000
0.000000
0.000000
0.000000
0.000000
0.000000
0.000000
0.000000
0.000000
0.000000
0.000000
0.000000
0.000000
0.000000
0.000000
0.000000
0.000000
0.000000
0.000000
0.000000
0.000000
0.000000
0.000000
0.000000
0.000000
0.000000
0.000000
0.000000
0.000000
0.000000
0.000000
0.000000
0.000000
0.000000
0.000000
0.000000
0.000000
0.000000
0.000000
0.000000
0.000000
0.000000
0.000000
0.000000
0.000000
0.000000
0.000000
0.000000
0.000000
0.000000
0.000000
0.000000
0.000000
0.000000
0.000000
0.000000
0.000000
0.000000
0.000000
0.000000
0.000000
0.000000
0.000000
0.000000
0.000000
0.000000
0.000000
0.000000
0.000000
0.000000
0.000000
0.000000
0.000000
0.000000
0.000000
0.000000
0.000000
0.000000
0.000000
0.000000
0.000000
0.000000
0.000000
0.000000
0.000000
0.000000
0.000000
0.000000
0.000000
0.000000
0.000000
0.000000
0.000000
0.000000
0.000000
0.000000
0.000000
0.000000
0.000000
0.000000
0.000000
0.000000
0.000000
0.000000
0.000000
0.000000
0.000000
0.000000
0.000000
0.000000
0.000000
0.000000
0.000000
0.000000
0.000000
0.000000
0.000000
0.000000
0.000000
0.000000
0.000000
0.000000
0.000000
0.000000
0.000000
0.000000
0.000000
0.000000
